# unix_time, cycles_done, cur_path, paths_total, pending_total, pending_favs, map_size, unique_crashes, unique_hangs, max_depth, execs_per_sec
1520568153, 0, 0, 5, 5, 1, 0.02%, 0, 0, 1, 975.61
1520568158, 0, 1, 12, 12, 1, 0.02%, 0, 0, 2, 1234.82
1520568163, 0, 5, 13, 12, 2, 0.02%, 0, 0, 2, 1274.45
1520568169, 1, 3, 13, 10, 0, 0.02%, 0, 0, 2, 1299.77
1520568174, 2, 5, 13, 9, 0, 0.02%, 0, 0, 2, 1281.22
1520568179, 3, 7, 13, 8, 0, 0.02%, 0, 0, 2, 1240.12
1520568184, 3, 10, 13, 6, 0, 0.02%, 0, 0, 2, 1267.01
1520568189, 3, 12, 13, 6, 0, 0.02%, 0, 0, 2, 1266.70
1520568199, 4, 2, 13, 5, 0, 0.02%, 0, 0, 2, 1289.71
1520568204, 4, 4, 13, 4, 0, 0.02%, 0, 0, 2, 1412.08
1520568209, 4, 6, 13, 3, 0, 0.02%, 0, 0, 2, 1434.17
1520568214, 9, 0, 13, 2, 0, 0.02%, 0, 0, 2, 1397.28
1520568219, 9, 6, 13, 1, 0, 0.02%, 0, 0, 2, 1384.43
1520568224, 13, 9, 13, 0, 0, 0.02%, 0, 0, 2, 1383.16
1520568230, 18, 11, 13, 0, 0, 0.02%, 0, 0, 2, 1359.80
1520568235, 25, 6, 13, 0, 0, 0.02%, 0, 0, 2, 1363.34
1520568240, 31, 5, 13, 0, 0, 0.02%, 0, 0, 2, 1387.42
1520568245, 37, 9, 13, 0, 0, 0.02%, 0, 0, 2, 1369.51
1520568250, 43, 11, 13, 0, 0, 0.02%, 0, 0, 2, 1365.07
1520568255, 49, 7, 13, 0, 0, 0.02%, 0, 0, 2, 1350.48
1520568260, 56, 9, 13, 0, 0, 0.02%, 0, 0, 2, 1362.79
1520568265, 63, 8, 13, 0, 0, 0.02%, 0, 0, 2, 1356.48
1520568270, 70, 9, 13, 0, 0, 0.02%, 0, 0, 2, 1336.91
1520568275, 70, 13, 14, 1, 0, 0.02%, 0, 0, 3, 1312.44
1520568296, 77, 8, 14, 0, 0, 0.02%, 0, 0, 3, 1305.59
1520568301, 84, 0, 14, 0, 0, 0.02%, 0, 0, 3, 1282.31
1520568306, 88, 9, 14, 0, 0, 0.02%, 0, 0, 3, 1269.57
1520568311, 93, 9, 14, 0, 0, 0.02%, 0, 0, 3, 1261.02
1520568316, 100, 1, 14, 0, 0, 0.02%, 0, 0, 3, 1280.85
1520568321, 103, 13, 14, 0, 0, 0.02%, 0, 0, 3, 1283.59
1520568326, 109, 5, 14, 0, 0, 0.02%, 0, 0, 3, 1337.25
1520568331, 114, 11, 14, 0, 0, 0.02%, 0, 0, 3, 1339.51
1520568336, 120, 9, 14, 0, 0, 0.02%, 0, 0, 3, 1294.36
1520568341, 126, 8, 14, 0, 0, 0.02%, 0, 0, 3, 1350.31
1520568347, 134, 4, 14, 0, 0, 0.02%, 0, 0, 3, 1424.46
1520568352, 139, 7, 14, 0, 0, 0.02%, 0, 0, 3, 1337.21
1520568357, 147, 8, 14, 0, 0, 0.02%, 0, 0, 3, 1602.42
1520568362, 151, 9, 14, 0, 0, 0.02%, 0, 0, 3, 1445.17
1520568367, 158, 9, 14, 0, 0, 0.02%, 0, 0, 3, 1421.41
1520568372, 163, 9, 14, 0, 0, 0.02%, 0, 0, 3, 1393.78
1520568377, 169, 9, 14, 0, 0, 0.02%, 0, 0, 3, 1387.34
1520568382, 174, 8, 14, 0, 0, 0.02%, 0, 0, 3, 1416.80
1520568387, 181, 11, 14, 0, 0, 0.02%, 0, 0, 3, 1404.36
1520568392, 189, 9, 14, 0, 0, 0.02%, 0, 0, 3, 1436.91
1520568397, 196, 12, 14, 0, 0, 0.02%, 0, 0, 3, 1444.83
1520568402, 203, 9, 14, 0, 0, 0.02%, 0, 0, 3, 1447.34
1520568407, 208, 8, 14, 0, 0, 0.02%, 0, 0, 3, 1441.14
1520568412, 214, 13, 14, 0, 0, 0.02%, 0, 0, 3, 1442.74
1520568418, 219, 9, 14, 0, 0, 0.02%, 0, 0, 3, 1444.45
1520568423, 224, 13, 14, 0, 0, 0.02%, 0, 0, 3, 1438.12
1520568428, 228, 7, 14, 0, 0, 0.02%, 0, 0, 3, 1408.88
1520568433, 234, 11, 14, 0, 0, 0.02%, 0, 0, 3, 1399.40
1520568438, 242, 2, 14, 0, 0, 0.02%, 0, 0, 3, 1399.23
1520568443, 248, 9, 14, 0, 0, 0.02%, 0, 0, 3, 1383.79
1520568448, 255, 8, 14, 0, 0, 0.02%, 0, 0, 3, 1387.46
1520568453, 258, 13, 14, 0, 0, 0.02%, 0, 0, 3, 1396.29
1520568458, 262, 9, 14, 0, 0, 0.02%, 0, 0, 3, 1394.28
1520568464, 268, 8, 14, 0, 0, 0.02%, 0, 0, 3, 1382.05
1520568469, 274, 4, 14, 0, 0, 0.02%, 0, 0, 3, 1402.05
1520568474, 277, 9, 14, 0, 0, 0.02%, 0, 0, 3, 1401.09
1520568479, 282, 13, 14, 0, 0, 0.02%, 0, 0, 3, 1433.22
1520568484, 287, 8, 14, 0, 0, 0.02%, 0, 0, 3, 1408.88
1520568489, 294, 9, 14, 0, 0, 0.02%, 0, 0, 3, 1423.65
1520568494, 298, 10, 14, 0, 0, 0.02%, 0, 0, 3, 1398.72
1520568499, 303, 12, 14, 0, 0, 0.02%, 0, 0, 3, 1380.70
1520568504, 307, 8, 14, 0, 0, 0.02%, 0, 0, 3, 1391.46
1520568509, 312, 11, 14, 0, 0, 0.02%, 0, 0, 3, 1400.67
1520568514, 320, 8, 14, 0, 0, 0.02%, 0, 0, 3, 1387.36
1520568519, 327, 9, 14, 0, 0, 0.02%, 0, 0, 3, 1360.59
1520568524, 332, 9, 14, 0, 0, 0.02%, 0, 0, 3, 1379.22
1520568530, 337, 13, 14, 0, 0, 0.02%, 0, 0, 3, 1384.81
1520568535, 343, 8, 14, 0, 0, 0.02%, 0, 0, 3, 1392.53
1520568540, 350, 8, 14, 0, 0, 0.02%, 0, 0, 3, 1406.24
1520568545, 354, 11, 14, 0, 0, 0.02%, 0, 0, 3, 1350.96
1520568550, 360, 9, 14, 0, 0, 0.02%, 0, 0, 3, 1366.02
1520568555, 366, 11, 14, 0, 0, 0.02%, 0, 0, 3, 1385.32
1520568560, 372, 11, 14, 0, 0, 0.02%, 0, 0, 3, 1373.59
1520568565, 380, 9, 14, 0, 0, 0.02%, 0, 0, 3, 1358.78
1520568571, 387, 9, 14, 0, 0, 0.02%, 0, 0, 3, 1364.66
1520568576, 393, 11, 14, 0, 0, 0.02%, 0, 0, 3, 1357.89
1520568581, 399, 9, 14, 0, 0, 0.02%, 0, 0, 3, 1357.32
1520568586, 406, 8, 14, 0, 0, 0.02%, 0, 0, 3, 1347.20
1520568591, 413, 3, 14, 0, 0, 0.02%, 0, 0, 3, 1359.33
1520568596, 421, 8, 14, 0, 0, 0.02%, 0, 0, 3, 1364.91
1520568601, 427, 7, 14, 0, 0, 0.02%, 0, 0, 3, 1353.76
1520568606, 432, 12, 14, 0, 0, 0.02%, 0, 0, 3, 1346.57
1520568611, 438, 9, 14, 0, 0, 0.02%, 0, 0, 3, 1354.46
1520568616, 444, 11, 14, 0, 0, 0.02%, 0, 0, 3, 1370.62
1520568621, 452, 8, 14, 0, 0, 0.02%, 0, 0, 3, 1359.86
1520568627, 457, 9, 14, 0, 0, 0.02%, 0, 0, 3, 1378.92
1520568632, 463, 9, 14, 0, 0, 0.02%, 0, 0, 3, 1352.88
1520568637, 469, 9, 14, 0, 0, 0.02%, 0, 0, 3, 1338.45
1520568642, 475, 3, 14, 0, 0, 0.02%, 0, 0, 3, 1327.38
1520568647, 479, 13, 14, 0, 0, 0.02%, 0, 0, 3, 1336.86
1520568652, 485, 9, 14, 0, 0, 0.02%, 0, 0, 3, 1333.88
1520568657, 492, 9, 14, 0, 0, 0.02%, 0, 0, 3, 1328.10
1520568662, 498, 11, 14, 0, 0, 0.02%, 0, 0, 3, 1333.13
1520568667, 504, 8, 14, 0, 0, 0.02%, 0, 0, 3, 1352.81
1520568672, 509, 9, 14, 0, 0, 0.02%, 0, 0, 3, 1326.11
1520568677, 515, 1, 14, 0, 0, 0.02%, 0, 0, 3, 1345.55
1520568682, 521, 11, 14, 0, 0, 0.02%, 0, 0, 3, 1338.58
1520568687, 526, 9, 14, 0, 0, 0.02%, 0, 0, 3, 1345.90
1520568692, 530, 11, 14, 0, 0, 0.02%, 0, 0, 3, 1344.90
1520568697, 536, 9, 14, 0, 0, 0.02%, 0, 0, 3, 1330.14
1520568702, 543, 8, 14, 0, 0, 0.02%, 0, 0, 3, 1322.67
1520568708, 549, 6, 14, 0, 0, 0.02%, 0, 0, 3, 1350.69
1520568713, 555, 8, 14, 0, 0, 0.02%, 0, 0, 3, 1349.22
1520568718, 561, 11, 14, 0, 0, 0.02%, 0, 0, 3, 1355.23
1520568723, 569, 8, 14, 0, 0, 0.02%, 0, 0, 3, 1309.81
1520568728, 576, 11, 14, 0, 0, 0.02%, 0, 0, 3, 1319.90
1520568733, 582, 11, 14, 0, 0, 0.02%, 0, 0, 3, 1297.65
1520568738, 588, 9, 14, 0, 0, 0.02%, 0, 0, 3, 1306.51
1520568743, 595, 7, 14, 0, 0, 0.02%, 0, 0, 3, 1332.63
1520568748, 599, 9, 14, 0, 0, 0.02%, 0, 0, 3, 1305.48
1520568754, 605, 9, 14, 0, 0, 0.02%, 0, 0, 3, 1301.94
1520568759, 611, 8, 14, 0, 0, 0.02%, 0, 0, 3, 1295.36
1520568764, 616, 11, 14, 0, 0, 0.02%, 0, 0, 3, 1317.34
1520568769, 623, 9, 14, 0, 0, 0.02%, 0, 0, 3, 1299.82
1520568774, 630, 11, 14, 0, 0, 0.02%, 0, 0, 3, 1298.05
1520568779, 636, 8, 14, 0, 0, 0.02%, 0, 0, 3, 1304.88
1520568784, 643, 9, 14, 0, 0, 0.02%, 0, 0, 3, 1317.68
1520568789, 649, 8, 14, 0, 0, 0.02%, 0, 0, 3, 1327.43
1520568794, 653, 11, 14, 0, 0, 0.02%, 0, 0, 3, 1317.26
1520568799, 658, 12, 14, 0, 0, 0.02%, 0, 0, 3, 1292.37
1520568805, 663, 11, 14, 0, 0, 0.02%, 0, 0, 3, 1295.70
1520568810, 670, 0, 14, 0, 0, 0.02%, 0, 0, 3, 1317.14
1520568815, 675, 9, 14, 0, 0, 0.02%, 0, 0, 3, 1308.28
1520568820, 682, 8, 14, 0, 0, 0.02%, 0, 0, 3, 1317.47
1520568825, 689, 9, 14, 0, 0, 0.02%, 0, 0, 3, 1311.18
1520568830, 695, 9, 14, 0, 0, 0.02%, 0, 0, 3, 1296.51
1520568835, 701, 9, 14, 0, 0, 0.02%, 0, 0, 3, 1316.09
1520568840, 706, 10, 14, 0, 0, 0.02%, 0, 0, 3, 1297.46
1520568845, 713, 3, 14, 0, 0, 0.02%, 0, 0, 3, 1283.04
1520568850, 719, 3, 14, 0, 0, 0.02%, 0, 0, 3, 1306.40
1520568855, 724, 14, 15, 1, 0, 0.02%, 0, 0, 3, 1317.18
1520568926, 730, 9, 15, 0, 0, 0.02%, 0, 0, 3, 1299.19
1520568931, 731, 14, 15, 0, 0, 0.02%, 0, 0, 3, 1295.01
1520568937, 737, 9, 15, 0, 0, 0.02%, 0, 0, 3, 1278.59
1520568942, 744, 8, 15, 0, 0, 0.02%, 0, 0, 3, 1274.04
1520568947, 750, 9, 15, 0, 0, 0.02%, 0, 0, 3, 1267.63
1520568952, 755, 14, 15, 0, 0, 0.02%, 0, 0, 3, 1262.94
1520568957, 761, 7, 15, 0, 0, 0.02%, 0, 0, 3, 1264.39
1520568962, 767, 5, 15, 0, 0, 0.02%, 0, 0, 3, 1268.64
1520568968, 773, 11, 15, 0, 0, 0.02%, 0, 0, 3, 1267.37
1520568973, 777, 9, 15, 0, 0, 0.02%, 0, 0, 3, 1265.87
1520568978, 781, 3, 15, 0, 0, 0.02%, 0, 0, 3, 1284.41
1520568983, 786, 11, 15, 0, 0, 0.02%, 0, 0, 3, 1275.04
1520568988, 792, 11, 15, 0, 0, 0.02%, 0, 0, 3, 1268.44
1520568993, 799, 9, 15, 0, 0, 0.02%, 0, 0, 3, 1261.16
1520568999, 803, 14, 15, 0, 0, 0.02%, 0, 0, 3, 1259.21
1520569004, 809, 9, 15, 0, 0, 0.02%, 0, 0, 3, 1258.12
1520569009, 813, 9, 15, 0, 0, 0.02%, 0, 0, 3, 1259.98
1520569014, 817, 4, 15, 0, 0, 0.02%, 0, 0, 3, 1257.37
1520569019, 823, 11, 15, 0, 0, 0.02%, 0, 0, 3, 1255.85
1520569024, 828, 11, 15, 0, 0, 0.02%, 0, 0, 3, 1262.97
1520569030, 835, 9, 15, 0, 0, 0.02%, 0, 0, 3, 1264.85
1520569035, 842, 4, 15, 0, 0, 0.02%, 0, 0, 3, 1283.89
1520569040, 848, 9, 15, 0, 0, 0.02%, 0, 0, 3, 1354.06
1520569045, 855, 1, 15, 0, 0, 0.02%, 0, 0, 3, 1371.49
1520569050, 858, 9, 15, 0, 0, 0.02%, 0, 0, 3, 1343.35
1520569055, 864, 11, 15, 0, 0, 0.02%, 0, 0, 3, 1324.70
1520569060, 870, 11, 15, 0, 0, 0.02%, 0, 0, 3, 1318.57
1520569065, 875, 14, 15, 0, 0, 0.02%, 0, 0, 3, 1297.51
1520569070, 880, 11, 15, 0, 0, 0.02%, 0, 0, 3, 1321.34
1520569075, 886, 11, 15, 0, 0, 0.02%, 0, 0, 3, 1427.13
1520569081, 892, 5, 15, 0, 0, 0.02%, 0, 0, 3, 1456.79
1520569086, 899, 8, 15, 0, 0, 0.02%, 0, 0, 3, 1464.00
1520569091, 904, 8, 15, 0, 0, 0.02%, 0, 0, 3, 1436.36
1520569096, 910, 9, 15, 0, 0, 0.02%, 0, 0, 3, 1402.60
1520569101, 916, 10, 15, 0, 0, 0.02%, 0, 0, 3, 1378.91
1520569106, 922, 9, 15, 0, 0, 0.02%, 0, 0, 3, 1341.81
1520569111, 927, 14, 15, 0, 0, 0.02%, 0, 0, 3, 1318.04
1520569116, 932, 8, 15, 0, 0, 0.02%, 0, 0, 3, 1326.46
1520569122, 936, 10, 15, 0, 0, 0.02%, 0, 0, 3, 1278.20
1520569127, 940, 9, 15, 0, 0, 0.02%, 0, 0, 3, 1394.38
1520569132, 947, 9, 15, 0, 0, 0.02%, 0, 0, 3, 1780.70
1520569137, 957, 9, 15, 0, 0, 0.02%, 0, 0, 3, 1945.46
1520569142, 964, 14, 15, 0, 0, 0.02%, 0, 0, 3, 1951.02
1520569147, 970, 14, 15, 0, 0, 0.02%, 0, 0, 3, 1951.11
1520569152, 976, 12, 15, 0, 0, 0.02%, 0, 0, 3, 1878.96
1520569157, 982, 11, 15, 0, 0, 0.02%, 0, 0, 3, 1836.36
1520569162, 990, 9, 15, 0, 0, 0.02%, 0, 0, 3, 1839.96
1520569167, 998, 13, 15, 0, 0, 0.02%, 0, 0, 3, 1797.11
1520569172, 1006, 11, 15, 0, 0, 0.02%, 0, 0, 3, 1827.41
1520569177, 1013, 14, 15, 0, 0, 0.02%, 0, 0, 3, 1817.74
1520569182, 1021, 8, 15, 0, 0, 0.02%, 0, 0, 3, 1713.80
1520569188, 1027, 14, 15, 0, 0, 0.02%, 0, 0, 3, 1726.72
1520569193, 1034, 7, 15, 0, 0, 0.02%, 0, 0, 3, 1732.38
1520569198, 1039, 11, 15, 0, 0, 0.02%, 0, 0, 3, 1691.90
1520569203, 1046, 9, 15, 0, 0, 0.02%, 0, 0, 3, 1705.04
1520569208, 1053, 8, 15, 0, 0, 0.02%, 0, 0, 3, 1709.09
1520569213, 1058, 9, 15, 0, 0, 0.02%, 0, 0, 3, 1675.07
1520569218, 1065, 9, 15, 0, 0, 0.02%, 0, 0, 3, 1661.64
1520569223, 1071, 9, 15, 0, 0, 0.02%, 0, 0, 3, 1611.10
1520569228, 1077, 8, 15, 0, 0, 0.02%, 0, 0, 3, 1582.99
1520569233, 1081, 8, 15, 0, 0, 0.02%, 0, 0, 3, 1567.00
1520569238, 1086, 8, 15, 0, 0, 0.02%, 0, 0, 3, 1493.18
1520569244, 1093, 9, 15, 0, 0, 0.02%, 0, 0, 3, 1424.32
1520569249, 1098, 8, 15, 0, 0, 0.02%, 0, 0, 3, 1171.31
1520569254, 1106, 9, 15, 0, 0, 0.02%, 0, 0, 3, 1448.65
1520569259, 1113, 11, 15, 0, 0, 0.02%, 0, 0, 3, 1481.48
1520569264, 1119, 11, 15, 0, 0, 0.02%, 0, 0, 3, 1522.10
1520569269, 1126, 11, 15, 0, 0, 0.02%, 0, 0, 3, 1531.53
1520569274, 1132, 9, 15, 0, 0, 0.02%, 0, 0, 3, 1523.60
1520569279, 1138, 8, 15, 0, 0, 0.02%, 0, 0, 3, 1500.66
1520569284, 1144, 9, 15, 0, 0, 0.02%, 0, 0, 3, 1463.66
1520569289, 1151, 8, 15, 0, 0, 0.02%, 0, 0, 3, 1478.42
1520569295, 1157, 9, 15, 0, 0, 0.02%, 0, 0, 3, 1484.75
1520569300, 1163, 9, 15, 0, 0, 0.02%, 0, 0, 3, 1451.60
1520569305, 1168, 11, 15, 0, 0, 0.02%, 0, 0, 3, 1426.87
1520569310, 1171, 6, 15, 0, 0, 0.02%, 0, 0, 3, 1433.00
1520569315, 1177, 12, 15, 0, 0, 0.02%, 0, 0, 3, 1417.45
1520569320, 1183, 9, 15, 0, 0, 0.02%, 0, 0, 3, 1403.63
1520569325, 1189, 5, 15, 0, 0, 0.02%, 0, 0, 3, 1386.41
1520569330, 1194, 9, 15, 0, 0, 0.02%, 0, 0, 3, 1395.84
1520569335, 1199, 9, 15, 0, 0, 0.02%, 0, 0, 3, 1411.39
1520569340, 1205, 11, 15, 0, 0, 0.02%, 0, 0, 3, 1398.83
1520569345, 1210, 9, 15, 0, 0, 0.02%, 0, 0, 3, 1396.40
1520569351, 1218, 11, 15, 0, 0, 0.02%, 0, 0, 3, 1374.77
1520569356, 1225, 11, 15, 0, 0, 0.02%, 0, 0, 3, 1344.59
1520569361, 1229, 9, 15, 0, 0, 0.02%, 0, 0, 3, 1347.21
1520569366, 1236, 8, 15, 0, 0, 0.02%, 0, 0, 3, 1359.65
1520569371, 1240, 11, 15, 0, 0, 0.02%, 0, 0, 3, 1356.25
1520569376, 1246, 11, 15, 0, 0, 0.02%, 0, 0, 3, 1357.41
1520569381, 1252, 8, 15, 0, 0, 0.02%, 0, 0, 3, 1316.84
1520569386, 1255, 9, 15, 0, 0, 0.02%, 0, 0, 3, 1308.15
1520569391, 1261, 11, 15, 0, 0, 0.02%, 0, 0, 3, 1294.39
1520569396, 1265, 9, 15, 0, 0, 0.02%, 0, 0, 3, 1299.70
1520569401, 1270, 8, 15, 0, 0, 0.02%, 0, 0, 3, 1277.93
1520569406, 1276, 9, 15, 0, 0, 0.02%, 0, 0, 3, 1297.74
1520569412, 1282, 8, 15, 0, 0, 0.02%, 0, 0, 3, 1270.15
1520569417, 1288, 9, 15, 0, 0, 0.02%, 0, 0, 3, 1262.10
1520569422, 1294, 3, 15, 0, 0, 0.02%, 0, 0, 3, 1256.58
1520569427, 1301, 8, 15, 0, 0, 0.02%, 0, 0, 3, 1656.02
1520569432, 1308, 9, 15, 0, 0, 0.02%, 0, 0, 3, 1986.78
1520569437, 1315, 7, 15, 0, 0, 0.02%, 0, 0, 3, 2077.30
1520569442, 1322, 8, 15, 0, 0, 0.02%, 0, 0, 3, 2083.69
1520569447, 1330, 12, 15, 0, 0, 0.02%, 0, 0, 3, 2036.51
1520569453, 1340, 9, 15, 0, 0, 0.02%, 0, 0, 3, 2089.71
1520569458, 1348, 8, 15, 0, 0, 0.02%, 0, 0, 3, 2032.25
1520569463, 1357, 8, 15, 0, 0, 0.02%, 0, 0, 3, 1998.23
1520569468, 1364, 9, 15, 0, 0, 0.02%, 0, 0, 3, 1853.09
1520569473, 1372, 11, 15, 0, 0, 0.02%, 0, 0, 3, 1878.10
1520569478, 1382, 9, 15, 0, 0, 0.02%, 0, 0, 3, 1863.58
1520569483, 1387, 14, 15, 0, 0, 0.02%, 0, 0, 3, 1900.37
1520569488, 1396, 9, 15, 0, 0, 0.02%, 0, 0, 3, 1907.44
1520569493, 1402, 9, 15, 0, 0, 0.02%, 0, 0, 3, 1881.35
1520569498, 1409, 12, 15, 0, 0, 0.02%, 0, 0, 3, 1865.45
1520569504, 1418, 8, 15, 0, 0, 0.02%, 0, 0, 3, 1808.95
1520569509, 1425, 11, 15, 0, 0, 0.02%, 0, 0, 3, 1764.37
1520569514, 1435, 6, 15, 0, 0, 0.02%, 0, 0, 3, 1728.31
1520569519, 1441, 12, 15, 0, 0, 0.02%, 0, 0, 3, 1754.63
1520569524, 1449, 9, 15, 0, 0, 0.02%, 0, 0, 3, 1760.35
1520569529, 1455, 8, 15, 0, 0, 0.02%, 0, 0, 3, 1750.00
1520569534, 1460, 14, 15, 0, 0, 0.02%, 0, 0, 3, 1682.49
1520569539, 1467, 9, 15, 0, 0, 0.02%, 0, 0, 3, 1725.93
1520569544, 1474, 8, 15, 0, 0, 0.02%, 0, 0, 3, 1748.93
1520569549, 1477, 14, 15, 0, 0, 0.02%, 0, 0, 3, 1769.90
1520569554, 1484, 1, 15, 0, 0, 0.02%, 0, 0, 3, 1707.79
1520569559, 1488, 9, 15, 0, 0, 0.02%, 0, 0, 3, 1723.47
1520569564, 1496, 8, 15, 0, 0, 0.02%, 0, 0, 3, 1673.85
1520569569, 1504, 11, 15, 0, 0, 0.02%, 0, 0, 3, 1626.34
1520569574, 1510, 8, 15, 0, 0, 0.02%, 0, 0, 3, 1679.85
1520569579, 1517, 13, 15, 0, 0, 0.02%, 0, 0, 3, 1630.19
1520569585, 1522, 13, 15, 0, 0, 0.02%, 0, 0, 3, 1642.95
1520569590, 1529, 9, 15, 0, 0, 0.02%, 0, 0, 3, 1531.74
1520569595, 1536, 8, 15, 0, 0, 0.02%, 0, 0, 3, 1555.46
1520569600, 1542, 14, 15, 0, 0, 0.02%, 0, 0, 3, 1573.64
1520569605, 1548, 11, 15, 0, 0, 0.02%, 0, 0, 3, 1533.01
1520569610, 1552, 13, 15, 0, 0, 0.02%, 0, 0, 3, 1532.69
1520569615, 1558, 8, 15, 0, 0, 0.02%, 0, 0, 3, 1622.91
1520569620, 1565, 11, 15, 0, 0, 0.02%, 0, 0, 3, 1567.40
1520569625, 1572, 8, 15, 0, 0, 0.02%, 0, 0, 3, 1571.70
1520569630, 1579, 14, 15, 0, 0, 0.02%, 0, 0, 3, 1571.45
1520569635, 1583, 12, 15, 0, 0, 0.02%, 0, 0, 3, 1462.23
1520569640, 1589, 10, 15, 0, 0, 0.02%, 0, 0, 3, 1342.46
1520569645, 1591, 9, 15, 0, 0, 0.02%, 0, 0, 3, 1151.18
1520569651, 1597, 9, 15, 0, 0, 0.02%, 0, 0, 3, 1438.76
1520569656, 1603, 8, 15, 0, 0, 0.02%, 0, 0, 3, 1552.03
1520569661, 1609, 9, 15, 0, 0, 0.02%, 0, 0, 3, 1548.83
1520569666, 1615, 9, 15, 0, 0, 0.02%, 0, 0, 3, 1522.99
1520569671, 1620, 14, 15, 0, 0, 0.02%, 0, 0, 3, 1539.49
1520569676, 1627, 14, 15, 0, 0, 0.02%, 0, 0, 3, 1491.79
1520569681, 1630, 0, 15, 0, 0, 0.02%, 0, 0, 3, 1447.77
1520569686, 1636, 9, 15, 0, 0, 0.02%, 0, 0, 3, 1480.51
1520569691, 1640, 4, 15, 0, 0, 0.02%, 0, 0, 3, 1429.73
1520569696, 1643, 13, 15, 0, 0, 0.02%, 0, 0, 3, 1423.08
1520569701, 1648, 6, 15, 0, 0, 0.02%, 0, 0, 3, 1461.03
1520569707, 1654, 8, 15, 0, 0, 0.02%, 0, 0, 3, 1433.42
1520569712, 1662, 8, 15, 0, 0, 0.02%, 0, 0, 3, 1482.03
1520569717, 1667, 2, 15, 0, 0, 0.02%, 0, 0, 3, 1423.19
1520569722, 1672, 9, 15, 0, 0, 0.02%, 0, 0, 3, 1419.72
1520569727, 1679, 9, 15, 0, 0, 0.02%, 0, 0, 3, 1440.17
1520569732, 1683, 11, 15, 0, 0, 0.02%, 0, 0, 3, 1415.39
1520569737, 1688, 12, 15, 0, 0, 0.02%, 0, 0, 3, 1448.03
1520569742, 1692, 14, 15, 0, 0, 0.02%, 0, 0, 3, 1445.65
1520569747, 1697, 9, 15, 0, 0, 0.02%, 0, 0, 3, 1422.71
1520569752, 1704, 9, 15, 0, 0, 0.02%, 0, 0, 3, 1428.25
1520569757, 1710, 9, 15, 0, 0, 0.02%, 0, 0, 3, 1404.81
1520569763, 1716, 9, 15, 0, 0, 0.02%, 0, 0, 3, 1401.76
1520569768, 1722, 6, 15, 0, 0, 0.02%, 0, 0, 3, 1393.69
1520569773, 1726, 9, 15, 0, 0, 0.02%, 0, 0, 3, 1292.69
1520569778, 1732, 9, 15, 0, 0, 0.02%, 0, 0, 3, 1222.88
1520569783, 1734, 11, 15, 0, 0, 0.02%, 0, 0, 3, 1061.95
1520569788, 1741, 11, 15, 0, 0, 0.02%, 0, 0, 3, 1290.70
1520569793, 1747, 9, 15, 0, 0, 0.02%, 0, 0, 3, 1339.09
1520569798, 1753, 7, 15, 0, 0, 0.02%, 0, 0, 3, 1341.53
1520569803, 1756, 11, 15, 0, 0, 0.02%, 0, 0, 3, 1337.87
1520569808, 1761, 8, 15, 0, 0, 0.02%, 0, 0, 3, 1354.44
1520569813, 1767, 9, 15, 0, 0, 0.02%, 0, 0, 3, 1348.05
1520569818, 1774, 2, 15, 0, 0, 0.02%, 0, 0, 3, 1354.30
1520569823, 1779, 9, 15, 0, 0, 0.02%, 0, 0, 3, 1353.43
1520569828, 1784, 9, 15, 0, 0, 0.02%, 0, 0, 3, 1340.37
1520569833, 1789, 11, 15, 0, 0, 0.02%, 0, 0, 3, 1338.58
1520569839, 1796, 9, 15, 0, 0, 0.02%, 0, 0, 3, 1333.66
1520569844, 1803, 5, 15, 0, 0, 0.02%, 0, 0, 3, 1329.42
1520569849, 1807, 14, 15, 0, 0, 0.02%, 0, 0, 3, 1322.62
1520569854, 1810, 9, 15, 0, 0, 0.02%, 0, 0, 3, 1317.91
1520569859, 1817, 8, 15, 0, 0, 0.02%, 0, 0, 3, 1303.62
1520569864, 1823, 4, 15, 0, 0, 0.02%, 0, 0, 3, 1312.15
1520569869, 1827, 8, 15, 0, 0, 0.02%, 0, 0, 3, 1308.58
1520569874, 1831, 8, 15, 0, 0, 0.02%, 0, 0, 3, 1299.69
1520569879, 1836, 9, 15, 0, 0, 0.02%, 0, 0, 3, 1287.95
1520569884, 1842, 9, 15, 0, 0, 0.02%, 0, 0, 3, 1263.96
1520569889, 1848, 9, 15, 0, 0, 0.02%, 0, 0, 3, 1267.21
1520569894, 1855, 0, 15, 0, 0, 0.02%, 0, 0, 3, 1702.09
1520569899, 1859, 14, 15, 0, 0, 0.02%, 0, 0, 3, 1427.45
1520569904, 1861, 12, 15, 0, 0, 0.02%, 0, 0, 3, 1220.02
1520569910, 1864, 9, 15, 0, 0, 0.02%, 0, 0, 3, 1196.42
1520569915, 1869, 9, 15, 0, 0, 0.02%, 0, 0, 3, 1175.59
1520569920, 1874, 11, 15, 0, 0, 0.02%, 0, 0, 3, 1141.01
1520569925, 1879, 8, 15, 0, 0, 0.02%, 0, 0, 3, 1160.19
1520569930, 1884, 8, 15, 0, 0, 0.02%, 0, 0, 3, 1148.72
1520569935, 1888, 14, 15, 0, 0, 0.02%, 0, 0, 3, 1119.89
1520569940, 1892, 9, 15, 0, 0, 0.02%, 0, 0, 3, 1153.00
1520569945, 1896, 14, 15, 0, 0, 0.02%, 0, 0, 3, 1151.65
1520569950, 1901, 3, 15, 0, 0, 0.02%, 0, 0, 3, 1147.18
1520569955, 1906, 8, 15, 0, 0, 0.02%, 0, 0, 3, 1131.55
1520569960, 1908, 11, 15, 0, 0, 0.02%, 0, 0, 3, 1140.29
1520569965, 1912, 8, 15, 0, 0, 0.02%, 0, 0, 3, 1154.20
1520569970, 1916, 14, 15, 0, 0, 0.02%, 0, 0, 3, 1157.67
1520569976, 1921, 9, 15, 0, 0, 0.02%, 0, 0, 3, 1146.84
1520569981, 1924, 3, 15, 0, 0, 0.02%, 0, 0, 3, 1121.40
1520569986, 1929, 9, 15, 0, 0, 0.02%, 0, 0, 3, 1120.50
1520569991, 1933, 13, 15, 0, 0, 0.02%, 0, 0, 3, 1118.67
1520569996, 1938, 9, 15, 0, 0, 0.02%, 0, 0, 3, 1122.75
1520570001, 1943, 12, 15, 0, 0, 0.02%, 0, 0, 3, 1113.46
1520570006, 1947, 9, 15, 0, 0, 0.02%, 0, 0, 3, 1125.86
1520570012, 1951, 9, 15, 0, 0, 0.02%, 0, 0, 3, 1136.59
1520570017, 1957, 8, 15, 0, 0, 0.02%, 0, 0, 3, 1127.14
1520570022, 1961, 9, 15, 0, 0, 0.02%, 0, 0, 3, 1120.15
