# unix_time, cycles_done, cur_path, paths_total, pending_total, pending_favs, map_size, unique_crashes, unique_hangs, max_depth, execs_per_sec
1520581350, 0, 0, 6, 6, 2, 0.08%, 0, 0, 1, 100.21
1520581355, 0, 2, 13, 12, 3, 0.08%, 1, 0, 2, 566.81
1520581360, 0, 2, 16, 15, 3, 0.09%, 1, 0, 2, 512.26
1520581366, 0, 2, 19, 18, 3, 0.09%, 1, 0, 2, 491.98
1520581371, 0, 2, 20, 19, 3, 0.09%, 1, 0, 2, 489.58
1520581376, 0, 2, 21, 20, 3, 0.09%, 2, 0, 2, 485.31
1520581386, 0, 2, 23, 22, 3, 0.09%, 2, 0, 2, 484.03
1520581391, 0, 2, 24, 23, 3, 0.09%, 2, 0, 2, 482.77
1520581407, 0, 2, 25, 24, 3, 0.09%, 2, 0, 2, 481.33
1520581417, 0, 2, 26, 25, 3, 0.09%, 2, 0, 2, 478.88
1520581438, 0, 2, 27, 26, 3, 0.09%, 2, 0, 2, 483.78
1520581448, 0, 2, 29, 28, 3, 0.09%, 2, 0, 2, 483.09
1520581453, 0, 2, 30, 29, 3, 0.09%, 2, 0, 2, 484.22
1520581463, 0, 2, 31, 30, 3, 0.09%, 2, 0, 2, 483.90
1520581494, 0, 2, 32, 31, 3, 0.09%, 2, 0, 2, 494.10
1520581510, 0, 2, 33, 32, 3, 0.09%, 2, 0, 2, 477.33
1520581541, 0, 2, 34, 33, 3, 0.09%, 2, 0, 2, 484.97
1520581696, 0, 2, 35, 34, 3, 0.09%, 2, 0, 2, 484.79
1520581865, 0, 2, 36, 35, 3, 0.09%, 2, 0, 2, 485.36
1520582998, 0, 2, 37, 36, 3, 0.09%, 2, 0, 2, 487.23
1520583096, 0, 2, 38, 37, 3, 0.09%, 2, 0, 2, 477.73
1520583605, 0, 2, 39, 38, 3, 0.09%, 2, 0, 2, 486.20
1520586912, 0, 2, 40, 39, 3, 0.09%, 2, 0, 2, 533.91
