# unix_time, cycles_done, cur_path, paths_total, pending_total, pending_favs, map_size, unique_crashes, unique_hangs, max_depth, execs_per_sec
1520566391, 0, 0, 1, 1, 1, 0.02%, 0, 0, 1, 1333.33
1520566396, 0, 2, 9, 8, 2, 0.02%, 0, 0, 2, 2020.02
1520566401, 0, 8, 9, 6, 0, 0.02%, 0, 0, 2, 2182.13
1520566406, 1, 1, 9, 5, 0, 0.02%, 0, 0, 2, 2237.30
1520566411, 1, 6, 9, 1, 0, 0.02%, 0, 0, 2, 2330.29
1520566416, 3, 5, 9, 0, 0, 0.02%, 0, 0, 2, 2321.78
1520566421, 6, 2, 9, 0, 0, 0.02%, 0, 0, 2, 2284.19
1520566427, 9, 0, 9, 0, 0, 0.02%, 0, 0, 2, 2246.41
1520566432, 11, 6, 9, 0, 0, 0.02%, 0, 0, 2, 2246.87
1520566437, 14, 5, 9, 0, 0, 0.02%, 0, 0, 2, 2372.90
1520566442, 17, 3, 9, 0, 0, 0.02%, 0, 0, 2, 2362.79
1520566447, 20, 2, 9, 0, 0, 0.02%, 0, 0, 2, 2310.43
1520566452, 22, 8, 9, 0, 0, 0.02%, 0, 0, 2, 2278.63
1520566458, 25, 6, 9, 0, 0, 0.02%, 0, 0, 2, 2256.72
1520566463, 28, 3, 9, 0, 0, 0.02%, 0, 0, 2, 2280.66
1520566468, 29, 9, 10, 1, 0, 0.02%, 0, 0, 3, 2298.57
1520566478, 30, 1, 10, 0, 0, 0.02%, 0, 0, 3, 2034.82
1520566483, 31, 8, 10, 0, 0, 0.02%, 0, 0, 3, 1930.81
1520566488, 33, 0, 10, 0, 0, 0.02%, 0, 0, 3, 1911.34
1520566493, 34, 6, 10, 0, 0, 0.02%, 0, 0, 3, 1867.88
1520566498, 35, 9, 10, 0, 0, 0.02%, 0, 0, 3, 1841.27
1520566503, 37, 5, 10, 0, 0, 0.02%, 0, 0, 3, 1828.69
1520566508, 39, 3, 10, 0, 0, 0.02%, 0, 0, 3, 1881.27
1520566514, 41, 5, 10, 0, 0, 0.02%, 0, 0, 3, 1917.17
1520566519, 43, 3, 10, 0, 0, 0.02%, 0, 0, 3, 1872.91
1520566524, 45, 4, 10, 0, 0, 0.02%, 0, 0, 3, 1882.29
1520566529, 47, 5, 10, 0, 0, 0.02%, 0, 0, 3, 1872.43
1520566534, 49, 2, 10, 0, 0, 0.02%, 0, 0, 3, 1734.70
1520566539, 51, 1, 10, 0, 0, 0.02%, 0, 0, 3, 1849.94
1520566544, 52, 8, 10, 0, 0, 0.02%, 0, 0, 3, 1720.23
1520566549, 54, 9, 10, 0, 0, 0.02%, 0, 0, 3, 1891.82
1520566554, 56, 8, 10, 0, 0, 0.02%, 0, 0, 3, 1785.26
1520566559, 58, 6, 10, 0, 0, 0.02%, 0, 0, 3, 1823.58
1520566564, 60, 3, 10, 0, 0, 0.02%, 0, 0, 3, 1818.22
1520566570, 62, 2, 10, 0, 0, 0.02%, 0, 0, 3, 1794.27
1520566575, 64, 1, 10, 0, 0, 0.02%, 0, 0, 3, 1853.14
1520566580, 66, 1, 10, 0, 0, 0.02%, 0, 0, 3, 1922.25
1520566585, 68, 1, 10, 0, 0, 0.02%, 0, 0, 3, 1892.89
1520566590, 69, 9, 10, 0, 0, 0.02%, 0, 0, 3, 1855.44
1520566595, 72, 1, 10, 0, 0, 0.02%, 0, 0, 3, 1944.93
1520566600, 74, 0, 10, 0, 0, 0.02%, 0, 0, 3, 1966.69
1520566605, 76, 1, 10, 0, 0, 0.02%, 0, 0, 3, 1912.70
1520566610, 77, 9, 10, 0, 0, 0.02%, 0, 0, 3, 1827.29
1520566615, 79, 9, 10, 0, 0, 0.02%, 0, 0, 3, 1880.06
1520566621, 81, 8, 10, 0, 0, 0.02%, 0, 0, 3, 1966.26
1520566626, 83, 8, 10, 0, 0, 0.02%, 0, 0, 3, 1958.42
1520566631, 85, 8, 10, 0, 0, 0.02%, 0, 0, 3, 1927.60
1520566636, 87, 8, 10, 0, 0, 0.02%, 0, 0, 3, 1921.86
1520566641, 89, 8, 10, 0, 0, 0.02%, 0, 0, 3, 1887.00
1520566646, 91, 6, 10, 0, 0, 0.02%, 0, 0, 3, 1752.86
1520566651, 93, 5, 10, 0, 0, 0.02%, 0, 0, 3, 1871.62
1520566656, 95, 4, 10, 0, 0, 0.02%, 0, 0, 3, 1879.53
1520566661, 97, 3, 10, 0, 0, 0.02%, 0, 0, 3, 1851.46
1520566666, 99, 2, 10, 0, 0, 0.02%, 0, 0, 3, 1883.23
1520566672, 101, 2, 10, 0, 0, 0.02%, 0, 0, 3, 1876.34
1520566677, 103, 2, 10, 0, 0, 0.02%, 0, 0, 3, 1881.36
1520566682, 105, 1, 10, 0, 0, 0.02%, 0, 0, 3, 1918.38
1520566687, 107, 1, 10, 0, 0, 0.02%, 0, 0, 3, 1891.95
1520566692, 109, 0, 10, 0, 0, 0.02%, 0, 0, 3, 1871.92
1520566697, 111, 1, 10, 0, 0, 0.02%, 0, 0, 3, 1859.37
1520566702, 113, 0, 10, 0, 0, 0.02%, 0, 0, 3, 1856.44
1520566708, 114, 9, 10, 0, 0, 0.02%, 0, 0, 3, 1881.54
1520566713, 116, 9, 10, 0, 0, 0.02%, 0, 0, 3, 1888.08
1520566718, 118, 8, 10, 0, 0, 0.02%, 0, 0, 3, 1823.58
1520566723, 120, 5, 10, 0, 0, 0.02%, 0, 0, 3, 1763.53
1520566728, 122, 3, 10, 0, 0, 0.02%, 0, 0, 3, 1713.73
1520566733, 124, 1, 10, 0, 0, 0.02%, 0, 0, 3, 1789.30
1520566738, 126, 0, 10, 0, 0, 0.02%, 0, 0, 3, 1810.83
1520566743, 127, 8, 10, 0, 0, 0.02%, 0, 0, 3, 1811.09
1520566748, 129, 7, 10, 0, 0, 0.02%, 0, 0, 3, 1825.59
1520566753, 131, 6, 10, 0, 0, 0.02%, 0, 0, 3, 1823.24
1520566758, 133, 6, 10, 0, 0, 0.02%, 0, 0, 3, 1900.54
1520566763, 135, 6, 10, 0, 0, 0.02%, 0, 0, 3, 1877.33
1520566769, 137, 6, 10, 0, 0, 0.02%, 0, 0, 3, 1937.41
1520566774, 139, 8, 10, 0, 0, 0.02%, 0, 0, 3, 1981.61
1520566779, 141, 6, 10, 0, 0, 0.02%, 0, 0, 3, 1890.69
1520566784, 143, 8, 10, 0, 0, 0.02%, 0, 0, 3, 2072.62
1520566789, 146, 0, 10, 0, 0, 0.02%, 0, 0, 3, 2196.19
1520566794, 148, 3, 10, 0, 0, 0.02%, 0, 0, 3, 2209.78
1520566799, 150, 6, 10, 0, 0, 0.02%, 0, 0, 3, 2190.37
1520566804, 152, 8, 10, 0, 0, 0.02%, 0, 0, 3, 2119.30
1520566809, 154, 9, 10, 0, 0, 0.02%, 0, 0, 3, 2068.73
1520566814, 157, 0, 10, 0, 0, 0.02%, 0, 0, 3, 2053.45
1520566820, 159, 1, 10, 0, 0, 0.02%, 0, 0, 3, 2032.70
1520566825, 161, 2, 10, 0, 0, 0.02%, 0, 0, 3, 1997.02
1520566830, 163, 3, 10, 0, 0, 0.02%, 0, 0, 3, 2007.87
1520566835, 165, 3, 10, 0, 0, 0.02%, 0, 0, 3, 1944.10
1520566840, 167, 3, 10, 0, 0, 0.02%, 0, 0, 3, 1917.06
1520566845, 169, 2, 10, 0, 0, 0.02%, 0, 0, 3, 1902.25
1520566850, 171, 2, 10, 0, 0, 0.02%, 0, 0, 3, 1883.80
1520566856, 173, 1, 10, 0, 0, 0.02%, 0, 0, 3, 1872.36
1520566861, 175, 1, 10, 0, 0, 0.02%, 0, 0, 3, 1867.29
1520566866, 177, 2, 10, 0, 0, 0.02%, 0, 0, 3, 2112.73
1520566871, 179, 8, 10, 0, 0, 0.02%, 0, 0, 3, 2279.78
1520566876, 182, 1, 10, 0, 0, 0.02%, 0, 0, 3, 2307.12
1520566881, 184, 3, 10, 0, 0, 0.02%, 0, 0, 3, 2121.46
1520566886, 186, 3, 10, 0, 0, 0.02%, 0, 0, 3, 1906.02
1520566891, 188, 1, 10, 0, 0, 0.02%, 0, 0, 3, 1911.12
1520566896, 190, 5, 10, 0, 0, 0.02%, 0, 0, 3, 2165.04
1520566902, 192, 8, 10, 0, 0, 0.02%, 0, 0, 3, 2190.12
1520566907, 195, 1, 10, 0, 0, 0.02%, 0, 0, 3, 2160.50
1520566912, 197, 1, 10, 0, 0, 0.02%, 0, 0, 3, 2044.94
1520566917, 199, 3, 10, 0, 0, 0.02%, 0, 0, 3, 2037.66
1520566922, 201, 5, 10, 0, 0, 0.02%, 0, 0, 3, 2036.04
1520566927, 203, 7, 10, 0, 0, 0.02%, 0, 0, 3, 2087.22
1520566932, 205, 9, 10, 0, 0, 0.02%, 0, 0, 3, 2059.47
1520566938, 208, 0, 10, 0, 0, 0.02%, 0, 0, 3, 2069.20
1520566943, 210, 1, 10, 0, 0, 0.02%, 0, 0, 3, 2020.40
1520566948, 212, 2, 10, 0, 0, 0.02%, 0, 0, 3, 1989.53
1520566953, 214, 3, 10, 0, 0, 0.02%, 0, 0, 3, 1967.99
1520566958, 216, 3, 10, 0, 0, 0.02%, 0, 0, 3, 1918.23
1520566963, 218, 3, 10, 0, 0, 0.02%, 0, 0, 3, 1900.45
1520566968, 220, 3, 10, 0, 0, 0.02%, 0, 0, 3, 1935.33
1520566973, 222, 3, 10, 0, 0, 0.02%, 0, 0, 3, 1935.08
1520566978, 223, 8, 10, 0, 0, 0.02%, 0, 0, 3, 1526.89
1520566984, 225, 4, 10, 0, 0, 0.02%, 0, 0, 3, 1714.31
1520566989, 227, 1, 10, 0, 0, 0.02%, 0, 0, 3, 1631.43
1520566994, 229, 0, 10, 0, 0, 0.02%, 0, 0, 3, 1784.24
1520566999, 231, 0, 10, 0, 0, 0.02%, 0, 0, 3, 1870.47
1520567004, 233, 2, 10, 0, 0, 0.02%, 0, 0, 3, 2056.49
1520567009, 235, 4, 10, 0, 0, 0.02%, 0, 0, 3, 2069.05
1520567014, 236, 8, 10, 0, 0, 0.02%, 0, 0, 3, 1344.58
1520567019, 237, 7, 10, 0, 0, 0.02%, 0, 0, 3, 969.31
1520567025, 239, 2, 10, 0, 0, 0.02%, 0, 0, 3, 1425.48
1520567030, 240, 7, 10, 0, 0, 0.02%, 0, 0, 3, 1446.26
1520567035, 242, 1, 10, 0, 0, 0.02%, 0, 0, 3, 1371.67
1520567040, 243, 8, 10, 0, 0, 0.02%, 0, 0, 3, 1567.59
1520567045, 245, 3, 10, 0, 0, 0.02%, 0, 0, 3, 1627.67
1520567050, 247, 0, 10, 0, 0, 0.02%, 0, 0, 3, 1550.28
1520567055, 251, 4, 11, 1, 0, 0.02%, 0, 0, 4, 1568.57
1520567061, 255, 10, 11, 1, 0, 0.02%, 0, 0, 4, 1444.59
1520567117, 256, 7, 11, 0, 0, 0.02%, 0, 0, 4, 1580.85
1520567122, 263, 5, 11, 0, 0, 0.02%, 0, 0, 4, 1614.22
1520567127, 270, 4, 11, 0, 0, 0.02%, 0, 0, 4, 1608.84
1520567132, 275, 7, 11, 0, 0, 0.02%, 0, 0, 4, 1683.36
1520567137, 282, 4, 11, 0, 0, 0.02%, 0, 0, 4, 1733.68
1520567142, 290, 4, 11, 0, 0, 0.02%, 0, 0, 4, 1731.68
1520567147, 298, 4, 11, 0, 0, 0.02%, 0, 0, 4, 1693.39
1520567152, 301, 0, 11, 0, 0, 0.02%, 0, 0, 4, 1690.65
1520567157, 307, 0, 11, 0, 0, 0.02%, 0, 0, 4, 1679.48
1520567162, 309, 7, 11, 0, 0, 0.02%, 0, 0, 4, 1677.37
1520567167, 316, 5, 11, 0, 0, 0.02%, 0, 0, 4, 1645.80
1520567172, 322, 5, 11, 0, 0, 0.02%, 0, 0, 4, 1638.68
1520567177, 329, 4, 11, 0, 0, 0.02%, 0, 0, 4, 1648.21
1520567182, 336, 7, 11, 0, 0, 0.02%, 0, 0, 4, 1609.76
1520567187, 343, 5, 11, 0, 0, 0.02%, 0, 0, 4, 1651.66
1520567192, 349, 7, 11, 0, 0, 0.02%, 0, 0, 4, 1677.58
1520567197, 354, 10, 11, 0, 0, 0.02%, 0, 0, 4, 1737.89
1520567202, 360, 7, 11, 0, 0, 0.02%, 0, 0, 4, 1736.38
1520567208, 368, 5, 11, 0, 0, 0.02%, 0, 0, 4, 1647.39
1520567213, 375, 5, 11, 0, 0, 0.02%, 0, 0, 4, 1763.00
1520567218, 381, 5, 11, 0, 0, 0.02%, 0, 0, 4, 1711.37
1520567223, 387, 5, 11, 0, 0, 0.02%, 0, 0, 4, 1674.54
1520567228, 395, 4, 11, 0, 0, 0.02%, 0, 0, 4, 1712.55
1520567233, 400, 10, 11, 0, 0, 0.02%, 0, 0, 4, 1725.87
1520567238, 406, 5, 11, 0, 0, 0.02%, 0, 0, 4, 1717.43
1520567243, 410, 5, 11, 0, 0, 0.02%, 0, 0, 4, 1699.07
1520567249, 416, 4, 11, 0, 0, 0.02%, 0, 0, 4, 908.84
1520567254, 417, 5, 11, 0, 0, 0.02%, 0, 0, 4, 1283.74
1520567259, 421, 10, 11, 0, 0, 0.02%, 0, 0, 4, 1545.24
1520567264, 427, 4, 11, 0, 0, 0.02%, 0, 0, 4, 1567.50
1520567269, 433, 4, 11, 0, 0, 0.02%, 0, 0, 4, 1537.05
1520567274, 438, 5, 11, 0, 0, 0.02%, 0, 0, 4, 1381.85
1520567279, 445, 4, 11, 0, 0, 0.02%, 0, 0, 4, 1508.90
1520567284, 450, 5, 11, 0, 0, 0.02%, 0, 0, 4, 1419.23
1520567289, 454, 5, 11, 0, 0, 0.02%, 0, 0, 4, 1624.27
1520567294, 460, 4, 11, 0, 0, 0.02%, 0, 0, 4, 1563.91
1520567299, 467, 4, 11, 0, 0, 0.02%, 0, 0, 4, 1677.01
1520567304, 473, 4, 11, 0, 0, 0.02%, 0, 0, 4, 1709.13
1520567310, 478, 5, 11, 0, 0, 0.02%, 0, 0, 4, 1648.65
1520567315, 481, 0, 11, 0, 0, 0.02%, 0, 0, 4, 1661.85
1520567320, 484, 5, 11, 0, 0, 0.02%, 0, 0, 4, 1693.05
1520567325, 491, 4, 11, 0, 0, 0.02%, 0, 0, 4, 1699.99
1520567330, 498, 5, 11, 0, 0, 0.02%, 0, 0, 4, 1729.34
1520567335, 504, 7, 11, 0, 0, 0.02%, 0, 0, 4, 1700.69
1520567340, 508, 3, 11, 0, 0, 0.02%, 0, 0, 4, 1670.32
1520567345, 514, 5, 11, 0, 0, 0.02%, 0, 0, 4, 1645.34
1520567350, 521, 4, 11, 0, 0, 0.02%, 0, 0, 4, 1660.98
1520567356, 527, 10, 11, 0, 0, 0.02%, 0, 0, 4, 1661.76
1520567361, 531, 7, 11, 0, 0, 0.02%, 0, 0, 4, 1709.56
1520567366, 538, 5, 11, 0, 0, 0.02%, 0, 0, 4, 1630.63
1520567371, 543, 5, 11, 0, 0, 0.02%, 0, 0, 4, 1479.00
1520567376, 547, 5, 11, 0, 0, 0.02%, 0, 0, 4, 1631.28
1520567381, 554, 4, 11, 0, 0, 0.02%, 0, 0, 4, 1631.57
1520567386, 556, 5, 11, 0, 0, 0.02%, 0, 0, 4, 1606.08
1520567391, 563, 5, 11, 0, 0, 0.02%, 0, 0, 4, 1649.99
1520567396, 568, 10, 11, 0, 0, 0.02%, 0, 0, 4, 1671.07
1520567401, 571, 10, 11, 0, 0, 0.02%, 0, 0, 4, 1655.67
1520567406, 575, 4, 11, 0, 0, 0.02%, 0, 0, 4, 1653.36
1520567411, 582, 5, 11, 0, 0, 0.02%, 0, 0, 4, 1651.27
1520567417, 588, 6, 11, 0, 0, 0.02%, 0, 0, 4, 1648.92
1520567422, 594, 4, 11, 0, 0, 0.02%, 0, 0, 4, 1641.20
1520567427, 599, 10, 11, 0, 0, 0.02%, 0, 0, 4, 1636.39
1520567432, 603, 7, 11, 0, 0, 0.02%, 0, 0, 4, 1646.35
1520567437, 610, 4, 11, 0, 0, 0.02%, 0, 0, 4, 1644.59
1520567442, 613, 10, 11, 0, 0, 0.02%, 0, 0, 4, 1655.38
1520567447, 617, 10, 11, 0, 0, 0.02%, 0, 0, 4, 1626.56
1520567452, 619, 10, 11, 0, 0, 0.02%, 0, 0, 4, 1652.57
1520567457, 625, 4, 11, 0, 0, 0.02%, 0, 0, 4, 1634.00
1520567462, 632, 5, 11, 0, 0, 0.02%, 0, 0, 4, 1627.07
1520567467, 639, 7, 11, 0, 0, 0.02%, 0, 0, 4, 1623.70
1520567472, 645, 10, 11, 0, 0, 0.02%, 0, 0, 4, 1652.32
1520567477, 648, 7, 11, 0, 0, 0.02%, 0, 0, 4, 1634.21
1520567482, 655, 4, 11, 0, 0, 0.02%, 0, 0, 4, 1622.60
1520567487, 661, 4, 11, 0, 0, 0.02%, 0, 0, 4, 1608.40
1520567493, 664, 4, 11, 0, 0, 0.02%, 0, 0, 4, 1611.35
1520567498, 667, 7, 11, 0, 0, 0.02%, 0, 0, 4, 1609.59
1520567503, 674, 4, 11, 0, 0, 0.02%, 0, 0, 4, 1619.39
1520567508, 680, 10, 11, 0, 0, 0.02%, 0, 0, 4, 1610.29
1520567513, 683, 9, 11, 0, 0, 0.02%, 0, 0, 4, 1609.04
1520567518, 689, 5, 11, 0, 0, 0.02%, 0, 0, 4, 1607.80
1520567523, 692, 10, 11, 0, 0, 0.02%, 0, 0, 4, 1655.84
1520567528, 696, 7, 11, 0, 0, 0.02%, 0, 0, 4, 1659.55
1520567533, 701, 10, 11, 0, 0, 0.02%, 0, 0, 4, 1639.51
1520567538, 704, 10, 11, 0, 0, 0.02%, 0, 0, 4, 1628.03
1520567543, 709, 4, 11, 0, 0, 0.02%, 0, 0, 4, 1744.71
1520567548, 715, 7, 11, 0, 0, 0.02%, 0, 0, 4, 1755.61
1520567553, 720, 10, 11, 0, 0, 0.02%, 0, 0, 4, 1695.12
1520567559, 727, 7, 11, 0, 0, 0.02%, 0, 0, 4, 1656.83
1520567564, 731, 10, 11, 0, 0, 0.02%, 0, 0, 4, 1650.90
1520567569, 738, 7, 11, 0, 0, 0.02%, 0, 0, 4, 2005.44
1520567574, 747, 5, 11, 0, 0, 0.02%, 0, 0, 4, 2054.82
1520567579, 754, 7, 11, 0, 0, 0.02%, 0, 0, 4, 2102.70
1520567584, 762, 5, 11, 0, 0, 0.02%, 0, 0, 4, 2060.56
1520567589, 766, 5, 11, 0, 0, 0.02%, 0, 0, 4, 2036.90
1520567594, 772, 10, 11, 0, 0, 0.02%, 0, 0, 4, 1987.71
1520567600, 778, 5, 11, 0, 0, 0.02%, 0, 0, 4, 1956.96
1520567605, 786, 7, 11, 0, 0, 0.02%, 0, 0, 4, 1968.81
1520567610, 790, 10, 11, 0, 0, 0.02%, 0, 0, 4, 1918.45
1520567615, 798, 5, 11, 0, 0, 0.02%, 0, 0, 4, 1909.82
1520567620, 805, 5, 11, 0, 0, 0.02%, 0, 0, 4, 1876.79
1520567625, 811, 10, 11, 0, 0, 0.02%, 0, 0, 4, 1882.75
1520567630, 817, 4, 11, 0, 0, 0.02%, 0, 0, 4, 1841.03
1520567636, 824, 9, 11, 0, 0, 0.02%, 0, 0, 4, 1809.45
1520567641, 832, 5, 11, 0, 0, 0.02%, 0, 0, 4, 1749.12
1520567646, 840, 5, 11, 0, 0, 0.02%, 0, 0, 4, 1757.63
1520567651, 846, 4, 11, 0, 0, 0.02%, 0, 0, 4, 1758.34
1520567656, 854, 4, 11, 0, 0, 0.02%, 0, 0, 4, 1758.93
1520567661, 862, 4, 11, 0, 0, 0.02%, 0, 0, 4, 1739.26
1520567666, 869, 4, 11, 0, 0, 0.02%, 0, 0, 4, 1709.71
1520567671, 875, 5, 11, 0, 0, 0.02%, 0, 0, 4, 1708.62
1520567676, 882, 5, 11, 0, 0, 0.02%, 0, 0, 4, 1711.77
1520567681, 885, 7, 11, 0, 0, 0.02%, 0, 0, 4, 1680.57
1520567686, 894, 4, 11, 0, 0, 0.02%, 0, 0, 4, 1671.48
1520567691, 900, 7, 11, 0, 0, 0.02%, 0, 0, 4, 1671.19
1520567696, 903, 7, 11, 0, 0, 0.02%, 0, 0, 4, 1618.76
1520567701, 910, 7, 11, 0, 0, 0.02%, 0, 0, 4, 1619.26
1520567706, 918, 5, 11, 0, 0, 0.02%, 0, 0, 4, 1807.00
1520567712, 923, 5, 11, 0, 0, 0.02%, 0, 0, 4, 2030.54
1520567717, 932, 5, 11, 0, 0, 0.02%, 0, 0, 4, 2012.18
1520567722, 940, 1, 11, 0, 0, 0.02%, 0, 0, 4, 2091.48
1520567727, 947, 4, 11, 0, 0, 0.02%, 0, 0, 4, 2102.14
1520567732, 954, 10, 11, 0, 0, 0.02%, 0, 0, 4, 2141.24
1520567737, 960, 7, 11, 0, 0, 0.02%, 0, 0, 4, 2103.82
1520567742, 965, 10, 11, 0, 0, 0.02%, 0, 0, 4, 2093.37
1520567747, 974, 7, 11, 0, 0, 0.02%, 0, 0, 4, 2076.99
1520567753, 979, 5, 11, 0, 0, 0.02%, 0, 0, 4, 2116.17
1520567758, 987, 5, 11, 0, 0, 0.02%, 0, 0, 4, 2022.00
1520567763, 994, 4, 11, 0, 0, 0.02%, 0, 0, 4, 1996.97
1520567768, 1002, 8, 11, 0, 0, 0.02%, 0, 0, 4, 2007.86
1520567773, 1010, 5, 11, 0, 0, 0.02%, 0, 0, 4, 1890.19
1520567778, 1018, 7, 11, 0, 0, 0.02%, 0, 0, 4, 1923.41
1520567783, 1025, 7, 11, 0, 0, 0.02%, 0, 0, 4, 1913.52
1520567788, 1034, 5, 11, 0, 0, 0.02%, 0, 0, 4, 1909.15
1520567793, 1038, 4, 11, 0, 0, 0.02%, 0, 0, 4, 1864.10
1520567798, 1047, 4, 11, 0, 0, 0.02%, 0, 0, 4, 1917.62
1520567803, 1055, 5, 11, 0, 0, 0.02%, 0, 0, 4, 1935.33
1520567808, 1062, 5, 11, 0, 0, 0.02%, 0, 0, 4, 1932.06
1520567813, 1070, 4, 11, 0, 0, 0.02%, 0, 0, 4, 1881.95
1520567819, 1077, 5, 11, 0, 0, 0.02%, 0, 0, 4, 1845.75
1520567824, 1081, 10, 11, 0, 0, 0.02%, 0, 0, 4, 1782.52
1520567829, 1084, 6, 11, 0, 0, 0.02%, 0, 0, 4, 1790.58
1520567834, 1091, 5, 11, 0, 0, 0.02%, 0, 0, 4, 1788.34
1520567839, 1099, 5, 11, 0, 0, 0.02%, 0, 0, 4, 1827.49
1520567844, 1106, 5, 11, 0, 0, 0.02%, 0, 0, 4, 1788.46
1520567850, 1112, 7, 11, 0, 0, 0.02%, 0, 0, 4, 1758.04
1520567855, 1119, 7, 11, 0, 0, 0.02%, 0, 0, 4, 1756.76
1520567860, 1126, 5, 11, 0, 0, 0.02%, 0, 0, 4, 1737.25
1520567865, 1132, 4, 11, 0, 0, 0.02%, 0, 0, 4, 1750.93
1520567870, 1140, 5, 11, 0, 0, 0.02%, 0, 0, 4, 1729.00
1520567875, 1147, 6, 11, 0, 0, 0.02%, 0, 0, 4, 1719.50
1520567880, 1152, 10, 11, 0, 0, 0.02%, 0, 0, 4, 1688.39
1520567885, 1157, 7, 11, 0, 0, 0.02%, 0, 0, 4, 1664.44
1520567890, 1163, 10, 11, 0, 0, 0.02%, 0, 0, 4, 1663.07
1520567896, 1167, 5, 11, 0, 0, 0.02%, 0, 0, 4, 1681.45
1520567901, 1175, 2, 11, 0, 0, 0.02%, 0, 0, 4, 1652.23
1520567906, 1182, 5, 11, 0, 0, 0.02%, 0, 0, 4, 1632.88
1520567911, 1188, 4, 11, 0, 0, 0.02%, 0, 0, 4, 1623.48
1520567916, 1195, 4, 11, 0, 0, 0.02%, 0, 0, 4, 1620.40
1520567921, 1202, 1, 11, 0, 0, 0.02%, 0, 0, 4, 1636.85
1520567926, 1205, 1, 11, 0, 0, 0.02%, 0, 0, 4, 1615.70
1520567931, 1207, 5, 11, 0, 0, 0.02%, 0, 0, 4, 1692.28
1520567936, 1214, 4, 11, 0, 0, 0.02%, 0, 0, 4, 2282.91
1520567942, 1220, 3, 11, 0, 0, 0.02%, 0, 0, 4, 2414.59
1520567947, 1225, 10, 11, 0, 0, 0.02%, 0, 0, 4, 2430.89
1520567952, 1231, 10, 11, 0, 0, 0.02%, 0, 0, 4, 2489.16
1520567957, 1239, 5, 11, 0, 0, 0.02%, 0, 0, 4, 2507.90
1520567962, 1249, 4, 11, 0, 0, 0.02%, 0, 0, 4, 2475.12
1520567967, 1259, 7, 11, 0, 0, 0.02%, 0, 0, 4, 2475.36
1520567972, 1269, 10, 11, 0, 0, 0.02%, 0, 0, 4, 2442.97
1520567977, 1276, 3, 11, 0, 0, 0.02%, 0, 0, 4, 2435.65
1520567982, 1286, 5, 11, 0, 0, 0.02%, 0, 0, 4, 2480.40
1520567987, 1294, 4, 11, 0, 0, 0.02%, 0, 0, 4, 2023.12
1520567992, 1296, 2, 11, 0, 0, 0.02%, 0, 0, 4, 1504.76
1520567997, 1301, 5, 11, 0, 0, 0.02%, 0, 0, 4, 1418.61
1520568002, 1307, 4, 11, 0, 0, 0.02%, 0, 0, 4, 1368.62
1520568007, 1309, 4, 11, 0, 0, 0.02%, 0, 0, 4, 1334.08
1520568013, 1315, 3, 11, 0, 0, 0.02%, 0, 0, 4, 1341.18
1520568018, 1320, 5, 11, 0, 0, 0.02%, 0, 0, 4, 1341.85
1520568023, 1326, 5, 11, 0, 0, 0.02%, 0, 0, 4, 1312.32
