# unix_time, cycles_done, cur_path, paths_total, pending_total, pending_favs, map_size, unique_crashes, unique_hangs, max_depth, execs_per_sec
1520571566, 0, 0, 6, 6, 2, 0.07%, 0, 0, 1, 85.41
1520571571, 0, 0, 13, 13, 2, 0.07%, 0, 0, 2, 1359.32
1520571576, 0, 2, 14, 13, 3, 0.07%, 0, 0, 2, 665.86
1520571581, 0, 2, 15, 14, 3, 0.07%, 1, 0, 2, 442.87
1520571586, 0, 2, 17, 16, 3, 0.07%, 1, 0, 2, 386.63
1520571591, 0, 2, 19, 18, 3, 0.08%, 1, 0, 2, 374.83
1520571596, 0, 2, 20, 19, 3, 0.08%, 1, 0, 2, 364.05
1520571601, 0, 2, 21, 20, 3, 0.08%, 1, 0, 2, 366.93
1520571606, 0, 2, 21, 20, 3, 0.08%, 2, 0, 2, 367.93
1520571612, 0, 2, 23, 22, 3, 0.08%, 2, 0, 2, 361.15
1520571622, 0, 2, 24, 23, 3, 0.08%, 2, 0, 2, 355.42
1520571647, 0, 2, 25, 24, 3, 0.08%, 2, 0, 2, 360.29
1520571658, 0, 2, 26, 25, 3, 0.08%, 2, 0, 2, 365.00
1520571688, 0, 2, 27, 26, 3, 0.08%, 2, 0, 2, 362.05
1520571698, 0, 2, 28, 27, 3, 0.08%, 2, 0, 2, 355.20
1520571703, 0, 2, 29, 28, 3, 0.08%, 2, 0, 2, 359.69
1520571708, 0, 2, 30, 29, 3, 0.08%, 2, 0, 2, 364.18
1520571713, 0, 2, 31, 30, 3, 0.08%, 2, 0, 2, 362.61
1520571764, 0, 2, 32, 31, 3, 0.08%, 2, 0, 2, 359.49
1520571779, 0, 2, 33, 32, 3, 0.08%, 2, 0, 2, 361.36
1520571825, 0, 2, 34, 33, 3, 0.08%, 2, 0, 2, 359.32
1520572036, 0, 2, 35, 34, 3, 0.08%, 2, 0, 2, 348.38
1520572280, 0, 2, 36, 35, 3, 0.08%, 2, 0, 2, 335.76
